C538847,85232B
538848,85232B
539338,84077
539338,22951
539338,22417
539338,21977
539338,84992
539338,21212
539338,22949
539338,21210
539338,22536
539338,22530
539338,22242
539338,22489
539338,22758
539338,22757
539338,22756
539338,22820
539338,22348
539338,85178
539338,22651
539338,22720
539338,22721
539338,22328
539338,22326
539338,21216
539338,22915
540040,22264
540040,85169C
540040,85169A
540040,85169B
540040,22271
540040,22749
540040,21731
540040,22466
540040,22378
540040,22467
540040,20724
540040,20704
540040,POST
C540057,POST
542428,22530
542428,22720
542428,21260
542428,21906
542428,21791
542428,21889
542428,22546
542428,22544
542428,22539
542428,21716
542428,85178
542428,22536
542428,21715
542428,22721
542428,22489
542428,22758
542428,22757
542428,22756
542428,22492
542428,22099
542428,22838